552
456
356
271
843
149
763
551
394
703
475
832
882
470
69
616
433
872
683
174
428
474
263
476
273
493
970
588
277
951
577
417
186
765
160
55
222
397
94
823
560
555
565
126
144
152
30
792
212
939
713
133
918
494
442
228
609
124
907
161
879
786
465
180
946
85
127
587
130
574
246
884
931
557
633
79
298
406
657
290
722
965
603
309
411
166
867
81
999
897
566
924
398
359
781
808
976
526
48
254
358
423
597
2
122
952
646
487
88
208
483
402
458
993
798
191
644
525
242
321
997
18
598
511
559
932
623
123
1000
751
436
429
57
718
819
170
399
896
1
975
334
592
335
607
862
785
341
274
558
579
288
454
855
796
886
314
197
670
256
4
835
136
176
995
239
325
709
777
608
797
643
605
158
990
957
871
959
412
906
267
514
810
485
767
484
679
955
375
614
311
413
776
72
333
980
374
590
689
769
742
733
650
306
342
471
114
281
294
582
344
900
214
649
459
596
7
692
497
726
128
102
103
759
495
42
854
571
694
724
206
912
355
247
998
661
26
257
663
418
10
516
172
925
500
838
467
994
705
537
739
569
545
12
690
585
473
89
134
599
904
619
52
66
220
949
431
620
986
377
518
639
741
276
347
142
755
753
317
215
803
606
82
736
686
165
883
200
480
231
519
507
287
589
31
19
410
773
316
20
366
974
150
539
132
535
905
315
691
902
825
38
857
262
464
809
39
864
9
852
834
642
978
184
86
928
554
576
368
826
194
848
982
482
711
27
967
449
332
47
225
284
472
308
915
562
659
202
70
183
270
771
934
117
357
604
324
973
544
361
791
630
32
890
641
914
885
887
586
251
908
283
234
617
3
217
240
148
13
941
840
386
98
313
285
846
673
945
407
297
961
74
893
426
420
621
345
888
971
743
259
813
624
807
768
822
593
255
302
400
113
195
346
378
789
15
266
580
303
293
745
104
731
611
75
512
424
279
783
747
829
95
376
244
950
499
534
498
101
866
452
629
729
351
996
171
858
508
105
758
190
326
328
958
301
422
707
671
272
818
634
717
613
637
252
548
253
538
502
655
153
350
450
463
354
35
143
647
615
669
831
106
873
740
219
734
899
193
145
36
727
529
828
121
169
440
645
933
343
435
110
935
23
245
275
403
163
156
956
989
339
875
567
698
991
198
282
323
178
735
889
466
721
764
938
919
714
863
365
489
892
547
233
182
697
522
943
836
382
73
546
421
677
675
814
667
235
118
137
953
481
460
881
977
205
704
695
947
199
865
542
850
652
505
737
387
656
477
408
44
894
265
280
564
90
988
261
125
730
696
701
966
681
830
531
618
389
622
927
712
295
920
468
5
243
164
916
391
774
414
761
338
327
64
981
107
451
304
488
948
112
441
853
666
815
115
660
146
578
59
960
563
536
78
804
847
501
898
541
944
811
612
984
238
827
628
185
610
58
627
296
97
16
833
260
362
383
54
157
187
820
154
787
249
572
963
223
404
241
549
844
926
869
62
129
817
602
372
837
523
445
11
312
719
738
192
725
723
331
732
806
76
93
432
37
14
385
631
108
8
794
392
682
305
229
447
917
922
201
307
700
903
151
930
56
749
870
22
289
584
520
216
363
662
80
676
503
651
379
632
636
33
626
34
213
778
550
936
60
532
653
491
381
805
528
92
601
337
517
772
390
310
17
203
911
67
969
685
46
860
320
664
430
43
575
668
427
821
87
756
824
77
757
264
227
478
600
799
868
438
173
353
640
750
913
84
746
258
543
369
181
91
455
45
638
861
396
109
120
849
801
448
371
496
533
269
891
232
570
268
53
135
878
111
349
437
901
839
540
859
979
71
877
985
175
972
674
492
706
21
658
506
479
851
330
708
119
159
236
693
987
211
41
469
393
954
800
527
230
782
678
221
167
370
510
457
561
99
793
340
439
364
968
210
419
962
766
720
654
784
29
752
779
388
880
841
322
909
688
788
648
116
373
929
61
28
462
401
716
179
336
665
207
461
744
50
24
715
635
816
395
453
286
25
775
895
790
250
147
964
524
131
874
748
300
100
595
360
51
515
409
218
762
802
177
556
940
209
780
680
923
299
509
553
845
699
728
415
352
513
876
384
416
702
140
318
684
155
425
760
49
530
139
6
96
141
204
910
754
937
921
237
224
291
942
188
248
490
168
443
196
329
687
812
319
568
162
292
65
446
444
380
278
992
138
434
842
521
594
770
625
40
486
672
983
710
591
581
367
573
348
583
795
189
68
856
83
504
405
226
63
